Chromosome Basepair
1 10583
1 3582736
1 5913893
1 9365199
1 11777841
1 14891511
1 18662899
1 20469149
1 25516845
1 32438685
1 37549183
1 40200567
1 46899501
1 54226262
1 57021728
1 59890409
1 63455089
1 66939404
1 71372470
1 79661198
1 83991748
1 88128631
1 91886317
1 97885249
1 102898745
1 110303931
1 113273306
1 118839067
1 154770403
1 159913048
1 165191702
1 169086324
1 177433381
1 182755356
1 188759945
1 196176201
1 201589975
1 204681068
1 210787750
1 214578266
1 218705513
1 224938520
1 230685255
1 233429284
1 235819436
1 237555628
1 240564091
1 242071602
1 245506746
2 10133
2 3973779
2 6836254
2 10298469
2 12419150
2 16329735
2 19692404
2 23341383
2 29217559
2 31550450
2 36122006
2 40281483
2 44313803
2 47318772
2 52491133
2 58297315
2 65933444
2 69139564
2 75630086
2 80050403
2 88038507
2 105125034
2 108429177
2 116772470
2 123302906
2 129474441
2 135158578
2 141805351
2 147277162
2 154005056
2 159577082
2 167160270
2 171226245
2 175588929
2 181312739
2 191973357
2 198078110
2 205799241
2 209941529
2 215573795
2 218395480
2 222521176
2 228119842
2 231843389
2 235150987
2 237449032
3 60157
3 2992120
3 6083183
3 8648561
3 11019665
3 14816900
3 19125144
3 23804865
3 27840910
3 30717955
3 35283458
3 41064528
3 51832015
3 56433907
3 60272906
3 63669286
3 68286914
3 72529329
3 77508835
3 98215950
3 106982811
3 112815699
3 116800153
3 121974097
3 126214943
3 131836516
3 135456906
3 143164628
3 149043237
3 153256571
3 159477890
3 168580960
3 172295731
3 175116539
3 179374586
3 183769683
3 186890344
3 188856214
3 192343814
3 194786674
4 10240
4 4684116
4 6773043
4 8152235
4 14272001
4 17383322
4 24135529
4 27343722
4 31782981
4 37255047
4 42213058
4 55429556
4 58935008
4 66600492
4 74592390
4 79093979
4 84799656
4 90231564
4 96182188
4 103221356
4 111256567
4 115666246
4 124286481
4 130591885
4 138541971
4 143443265
4 150683580
4 155056126
4 158743718
4 165823448
4 169676825
4 176570716
4 178991910
4 182066807
4 184929455
4 186909090
5 11940
5 3361941
5 5973233
5 9718832
5 13464832
5 16963613
5 22152073
5 26857604
5 33500180
5 36433954
5 41888710
5 55417349
5 58524622
5 67850860
5 73759326
5 77623332
5 82025648
5 87389991
5 95963519
5 104851483
5 110821144
5 115831047
5 120452166
5 125785649
5 134777401
5 142981248
5 148662624
5 152867774
5 158825698
5 162743908
5 166847740
5 169505664
5 172678327
5 175450595
5 178413464
6 73924
6 1452362
6 3573593
6 5791472
6 7808936
6 11790816
6 14802924
6 19207487
6 21684065
6 24852275
6 33236497
6 37572596
6 42038721
6 45406563
6 52210476
6 65765742
6 73450097
6 80691170
6 88822140
6 93428644
6 100630146
6 106056733
6 110304247
6 117672972
6 125424383
6 132765669
6 136224177
6 138822629
6 145319810
6 150253404
6 153094496
6 156763326
6 162169564
6 165586864
7 16161
7 4573428
7 7808752
7 9123423
7 12635461
7 15143657
7 19481547
7 22507629
7 28360309
7 31137289
7 36213538
7 39862670
7 44763828
7 49212278
7 54222976
7 69085364
7 76458564
7 79888069
7 83801203
7 92493752
7 97099570
7 104159525
7 107780178
7 113712387
7 121933630
7 130422414
7 132805848
7 138744679
7 142656310
7 147815318
7 150711505
7 153674019
7 156065250
8 10422
8 2573279
8 4480476
8 7153079
8 13491775
8 17387876
8 19492840
8 22897057
8 26682525
8 31133729
8 38938806
8 53302930
8 59068651
8 65232872
8 70867979
8 73817199
8 81956395
8 90638162
8 96534806
8 101620958
8 104123306
8 111850847
8 119685457
8 124861459
8 128659111
8 133351144
8 136035605
8 140725643
9 10023
9 1916877
9 3190064
9 4884926
9 8456299
9 10879253
9 14836363
9 18661051
9 22206559
9 25330810
9 28224283
9 33578334
9 38641599
9 76203946
9 78900183
9 82590928
9 86938196
9 90136246
9 94167203
9 101592859
9 107581749
9 110695062
9 114831082
9 117921960
9 122260297
9 126971887
9 133223217
9 137041122
10 60523
10 3352699
10 5983762
10 7171484
10 10249396
10 12586797
10 15026068
10 18537267
10 22772283
10 26888684
10 30458838
10 35109355
10 48760450
10 55103572
10 61891409
10 69900148
10 73508512
10 80876749
10 84383745
10 91013381
10 96221243
10 100668400
10 108726686
10 115328432
10 119523934
10 122407323
10 125869346
10 129154362
10 130844284
10 132580245
11 70855
11 3665481
11 6322869
11 8333274
11 12564229
11 17578402
11 21017138
11 24088517
11 28481593
11 33958739
11 37116815
11 44693799
11 62223771
11 69516130
11 74412351
11 80722373
11 86619301
11 93276157
11 97057058
11 101331121
11 107844200
11 112459488
11 116383348
11 120766806
11 123500117
11 127316679
11 130342575
11 133000046
12 61107
12 2544786
12 4417679
12 6419753
12 9031395
12 12733528
12 16310460
12 20863943
12 25371083
12 29651255
12 40816185
12 47714793
12 53039004
12 57548860
12 65559695
12 69826542
12 76511314
12 80448150
12 89682122
12 94514567
12 97108839
12 101447641
12 104848696
12 109025901
12 115036602
12 117087471
12 119754110
12 126445505
12 129237297
12 130377921
13 19020013
13 22242174
13 23594702
13 25784362
13 29257551
13 32301815
13 36046367
13 41069263
13 46495214
13 51591091
13 60854778
13 70724516
13 73934089
13 77410555
13 82581814
13 93129691
13 97519210
13 100574095
13 104066710
13 106247554
13 108189877
13 109815112
14 19002084
14 21589402
14 24905123
14 28466533
14 32383265
14 34846251
14 40341990
14 48573586
14 53474383
14 57481262
14 63790015
14 71131957
14 76444767
14 80186579
14 85746319
14 91296860
14 94325285
14 96262415
14 98341162
14 101534307
15 20001200
15 27298112
15 30165568
15 34015425
15 37456502
15 41177514
15 50008043
15 55136269
15 59694116
15 63215222
15 69017999
15 71922649
15 80860978
15 86652905
15 90475551
15 93780902
15 94924330
15 98030910
15 100636847
16 60054
16 2764829
16 5891580
16 7529121
16 9799419
16 12613098
16 16154060
16 20150571
16 24136875
16 27445755
16 52035823
16 55903774
16 59045405
16 63691589
16 71054028
16 75977954
16 79134815
16 81772536
16 83477208
16 85148685
16 86156599
16 87647349
17 56
17 1172399
17 3702312
17 5741334
17 7317398
17 9965921
17 12534769
17 13894637
17 16412342
17 27334244
17 32912798
17 36809344
17 43056905
17 49898957
17 55357541
17 61545589
17 67858770
17 72672203
17 76263413
18 10644
18 1942911
18 3891658
18 5834180
18 7090485
18 11075913
18 14440799
18 24026191
18 30264066
18 36365490
18 42922106
18 45939732
18 51062185
18 56530220
18 60277715
18 63463402
18 67175820
18 71038474
18 73526987
19 80840
19 2098396
19 4348967
19 6684885
19 8347513
19 13471127
19 15648610
19 18409862
19 29790947
19 32746520
19 36469295
19 42131573
19 46102697
19 49282227
19 51532567
19 54602362
19 55728080
20 60479
20 2469501
20 5477850
20 7084073
20 9730921
20 11249536
20 15958359
20 18972203
20 22491456
20 34960446
20 40585689
20 42680176
20 47199980
20 52472549
20 56447959
20 58406572
21 9411243
21 18053165
21 20962339
21 23362875
21 27271019
21 31197025
21 34376999
21 37870779
21 40482902
21 43321528
22 16050408
22 18296088
22 22357325
22 26791628
22 27834752
22 34494914
22 37570269
22 43714200
22 46470495
22 48903703
